P -122.0000, 294.0000, -181.9364,  240, 0, 0,  3,  Waypoint
P 13.4720, 151.1931, -195.9041,  127, 64, 0,  2,  Mynthi_Davissi_(Hunter)
P 88.6142, 338.4757, -191.9354,  127, 64, 0,  2,  Maid_Issis_(Hunter)
P -89.7014, 175.5910, -165.9353,  127, 64, 0,  2,  Lasna_Cheroon_(Hunter)
P -515.1234, 385.7250, -222.3699,  127, 64, 0,  2,  a_glyphed_ghoul_(Hunter)
P -352.3016, 205.5200, -139.9353,  127, 64, 0,  2,  Garton_Viswin_(Hunter)
P -74.8403, 5.7387, -196.9042,  127, 64, 0,  2,  a_cloaked_dhampyre_(Hunter)
P 112.3683, 316.0234, -191.9354,  127, 64, 0,  2,  Butler_Syncall_(Hunter)
P -323.7154, 67.4245, -236.3700,  127, 64, 0,  2,  an_avenging_caitiff_(Hunter,Roam)
P 123.7341, 135.1859, -159.3372,  0, 0, 240,  1,  GS:_Leatherbound_Journal
P -339.6220, 231.0726, -138.4162,  0, 0, 240,  1,  GS:_Taste_of_Enticement_(Mushroom)
P 108.9280, -82.2503, -222.3913,  0, 0, 0,  2,  Enynti
P -307.8613, 151.4396, -208.3640,  0, 0, 0,  2,  Eirod_Haerod
P -410.6185, -18.8713, -236.3784,  0, 0, 240,  1,  GS:_Rune_of_Yirno
P -359.2291, 58.9790, -236.3655,  0, 0, 0,  2,  Ssynthi
P -94.9176, 21.1152, -195.3940,  0, 0, 240,  1,  GS:_Dusty_Ribcage
P -6.2478, -121.0668, -194.3704,  0, 0, 0,  2,  Xicotl
P -23.1607, 132.3857, -156.5860,  0, 0, 0,  2,  Princess_Cherista
P 56.1487, 192.5123, -191.9354,  240, 240, 0,  2,  Fake_Wall
P 56.4245, 86.3494, -191.9354,  240, 240, 0,  2,  Fake_Wall
P -323.6894, 64.2046, -237.9041,  240, 240, 0,  2,  Fake_Wall
P -40.0302, -123.0263, -194.2997,  0, 0, 240,  1,  GS:_Gyrospire_Beza_Gyroscope_123`178`015
P -357.0000, 245.0000, -141.0000,  255, 255, 0,  2,  Elevator
P -333.6570, 50.5727, -237.9041,  255, 255, 0,  2,  Fake_Wall
P -318.7318, 91.9483, -237.9041,  255, 255, 0,  2,  Fake_Wall
P -338.2622, 84.1170, -238.6852,  255, 246, 0,  2,  Fake_Wall
P -101.9145, 154.2828, -191.9354,  255, 255, 0,  2,  Fake_Wall
P -100.8651, 202.9922, -157.9354,  255, 255, 0,  2,  Fake_Wall
P -120.0000, 330.0000, -180.1875,  240, 0, 0,  2,  Succor
P -126.0000, 347.0000, -182.0000,  255, 0, 0,  3,  to_The_Greater_Faydark
