L 1048.6000, 951.6000, 13.3000,  1078.7000, 951.6000, 13.3000,  0, 0, 0
L 1048.5000, 922.3000, 13.3000,  1078.7000, 922.3000, 13.3000,  0, 0, 0
L 5.2000, -925.1000, 156.3000,  -89.3000, -892.5000, 140.3000,  150, 150, 150
L -231.3000, -792.9000, 127.7000,  -231.3000, -789.4000, 127.7000,  0, 0, 0
L -222.0000, -793.4000, 127.7000,  -222.0000, -789.4000, 127.7000,  0, 0, 0
L -479.8000, -910.0000, 52.3000,  -479.8000, -904.6000, 52.3000,  0, 0, 0
L -489.7000, -910.0000, 52.3000,  -489.7000, -904.6000, 52.3000,  0, 0, 0
L -325.0000, -1346.7000, 146.3000,  -325.0000, -1351.9000, 146.3000,  0, 0, 0
L -336.3000, -1346.2000, 146.3000,  -336.3000, -1351.9000, 146.3000,  0, 0, 0
L 181.5000, 2112.5000, -19.0000,  247.8000, 2104.6001, -18.9000,  199, 21, 133
L 247.8000, 2104.6001, -18.9000,  247.8000, 2140.3999, -18.9000,  0, 0, 0
L 181.5000, 2112.5000, -19.0000,  181.5000, 2140.3999, -19.0000,  0, 0, 0
L 247.8000, 2068.7000, -18.9000,  247.8000, 2104.6001, -18.9000,  0, 0, 0
L 181.5000, 2084.5000, -19.0000,  181.5000, 2112.5000, -19.0000,  0, 0, 0
L -1008.8000, 109.3000, -10.2000,  -996.7000, 107.9000, -10.2000,  255, 0, 0
L -1020.5000, 98.8000, -10.6000,  -1008.8000, 109.3000, -10.2000,  255, 0, 0
L -1022.9000, 84.1000, -10.3000,  -1020.5000, 98.8000, -10.6000,  255, 0, 0
L -1008.0000, 89.1000, -11.0000,  -1022.9000, 84.1000, -10.3000,  255, 0, 0
L -909.5000, 83.3000, -11.0000,  -1008.0000, 89.1000, -11.0000,  255, 0, 0
L -891.9000, 97.8000, -11.2000,  -909.5000, 83.3000, -11.0000,  255, 0, 0
L -891.5000, 117.4000, -11.4000,  -891.9000, 97.8000, -11.2000,  255, 0, 0
L -996.7000, 107.9000, -10.3000,  -891.5000, 117.4000, -11.4000,  255, 0, 0
L -999.5000, -616.5000, 46.4000,  -1003.1000, -601.3000, 42.7000,  0, 0, 0
L -1022.4000, -621.2000, 44.6000,  -999.5000, -616.5000, 46.4000,  0, 0, 0
L -1024.5000, -602.5000, 41.5000,  -1022.4000, -621.2000, 44.6000,  0, 0, 0
L -1004.5000, -597.7000, 41.9000,  -1024.5000, -602.5000, 41.5000,  0, 0, 0
L -1001.9000, -606.7000, 44.0000,  -1004.5000, -597.7000, 41.9000,  0, 0, 0
L 525.1000, -869.2000, 89.9000,  524.2000, -868.9000, 90.0000,  0, 0, 0
L 542.8000, -881.4000, 91.7000,  523.8000, -868.3000, 89.9000,  0, 0, 0
L 535.6000, -912.0000, 105.1000,  542.8000, -881.4000, 91.7000,  0, 0, 0
L 506.5000, -898.8000, 102.8000,  535.6000, -912.0000, 105.1000,  0, 0, 0
L 513.7000, -887.4000, 97.8000,  506.5000, -898.8000, 102.8000,  0, 0, 0
L 523.8000, -868.3000, 89.9000,  513.7000, -887.4000, 97.8000,  0, 0, 0
L 702.2000, -211.2000, 60.5000,  670.4000, -223.5000, 54.8000,  0, 0, 0
L 689.4000, -175.1000, 72.4000,  702.2000, -211.2000, 60.5000,  0, 0, 0
L 659.1000, -184.0000, 61.9000,  689.4000, -175.1000, 72.4000,  0, 0, 0
L 670.4000, -223.5000, 55.1000,  659.1000, -184.0000, 61.9000,  0, 0, 0
L -98.0000, -128.0000, 36.3000,  -75.7000, -151.3000, 12.9000,  0, 0, 0
L -101.4000, -121.1000, 42.0000,  -98.0000, -128.0000, 36.3000,  0, 0, 0
L -101.4000, -121.1000, 42.0000,  -101.2000, -121.1000, 41.9000,  0, 0, 0
L -112.2000, -126.5000, 43.3000,  -101.4000, -121.1000, 42.0000,  0, 0, 0
L -133.5000, -132.0000, 46.2000,  -112.2000, -126.5000, 43.3000,  0, 0, 0
L -111.0000, -172.2000, 14.7000,  -133.5000, -132.0000, 45.4000,  0, 0, 0
L -75.7000, -151.3000, 12.9000,  -111.0000, -172.2000, 14.7000,  0, 0, 0
L 275.5000, -379.5000, 11.1000,  273.2000, -369.1000, 8.8000,  0, 0, 0
L 278.3000, -386.7000, 12.8000,  275.5000, -379.5000, 11.1000,  0, 0, 0
L 280.3000, -393.4000, 14.3000,  278.3000, -386.7000, 12.8000,  0, 0, 0
L 286.8000, -392.2000, 14.6000,  280.3000, -393.4000, 14.3000,  0, 0, 0
L 305.5000, -385.8000, 15.5000,  286.8000, -392.2000, 14.6000,  0, 0, 0
L 304.3000, -379.8000, 14.1000,  305.5000, -385.8000, 15.5000,  0, 0, 0
L 291.8000, -355.6000, 7.8000,  304.3000, -379.8000, 14.1000,  0, 0, 0
L 273.2000, -369.1000, 8.6000,  291.8000, -355.6000, 7.8000,  0, 0, 0
L 114.2000, -416.7000, 14.0000,  114.9000, -407.7000, 9.7000,  0, 0, 0
L 126.6000, -432.3000, 16.9000,  114.2000, -416.7000, 14.0000,  0, 0, 0
L 148.7000, -421.4000, 13.5000,  126.6000, -432.3000, 16.9000,  0, 0, 0
L 134.3000, -393.8000, 8.7000,  148.7000, -421.4000, 13.5000,  0, 0, 0
L 114.9000, -407.7000, 9.7000,  134.3000, -393.8000, 8.7000,  0, 0, 0
L -530.2000, -919.9000, 52.3000,  -479.8000, -920.0000, 52.3000,  0, 0, 0
L -530.6000, -930.0000, 52.3000,  -530.2000, -919.9000, 52.3000,  0, 0, 0
L -524.9000, -936.6000, 52.6000,  -530.6000, -930.0000, 52.3000,  0, 0, 0
L -524.6000, -959.3000, 52.6000,  -524.9000, -936.6000, 52.6000,  0, 0, 0
L 725.4000, 398.4000, -10.6000,  787.9000, 438.0000, -10.2000,  255, 0, 0
L 746.0000, 355.9000, -11.2000,  725.4000, 398.4000, -10.6000,  255, 0, 0
L 788.4000, 327.9000, -11.0000,  746.0000, 355.9000, -11.2000,  255, 0, 0
L 814.7000, 394.8000, -11.6000,  788.4000, 327.9000, -11.0000,  255, 0, 0
L 812.7000, 419.2000, -10.8000,  814.7000, 394.8000, -11.6000,  255, 0, 0
L 787.9000, 438.0000, -10.8000,  812.7000, 419.2000, -10.8000,  255, 0, 0
L 754.4000, 98.3000, -11.3000,  629.9000, 43.9000, -11.3000,  255, 0, 0
L 759.1000, 167.7000, -11.3000,  754.4000, 98.3000, -11.3000,  255, 0, 0
L 696.8000, 141.5000, -10.7000,  759.1000, 167.7000, -11.3000,  255, 0, 0
L 650.1000, 100.1000, -10.6000,  696.8000, 141.5000, -10.7000,  255, 0, 0
L 629.9000, 43.9000, -11.7000,  650.1000, 100.1000, -10.6000,  255, 0, 0
L 320.7000, 31.5000, -10.0000,  357.5000, 105.9000, -11.3000,  255, 0, 0
L 389.0000, 41.7000, -11.2000,  320.7000, 31.5000, -10.0000,  255, 0, 0
L 431.3000, 97.0000, -11.1000,  389.0000, 41.7000, -11.2000,  255, 0, 0
L 442.1000, 149.2000, -10.3000,  431.3000, 97.0000, -11.1000,  255, 0, 0
L 388.1000, 123.0000, -10.6000,  442.1000, 149.2000, -10.3000,  255, 0, 0
L 357.5000, 105.9000, -11.3000,  388.1000, 123.0000, -10.6000,  255, 0, 0
L -494.6000, -101.6000, -11.0000,  -510.8000, -139.7000, -11.4000,  255, 0, 0
L -470.2000, -61.8000, -11.1000,  -494.6000, -101.6000, -11.0000,  255, 0, 0
L -510.6000, -52.4000, -11.3000,  -470.2000, -61.8000, -11.1000,  255, 0, 0
L -556.2000, -78.2000, -11.2000,  -510.6000, -52.4000, -11.3000,  255, 0, 0
L -588.0000, -94.8000, -11.0000,  -556.2000, -78.2000, -11.2000,  255, 0, 0
L -598.7000, -101.8000, -11.1000,  -588.0000, -94.8000, -11.0000,  255, 0, 0
L -586.3000, -103.1000, -11.6000,  -598.7000, -101.8000, -11.1000,  255, 0, 0
L -555.1000, -109.3000, -10.8000,  -586.3000, -103.1000, -11.6000,  255, 0, 0
L -522.3000, -113.1000, -11.3000,  -555.1000, -109.3000, -10.8000,  255, 0, 0
L -510.8000, -139.7000, -11.5000,  -522.3000, -113.1000, -11.3000,  255, 0, 0
L -141.8000, -936.1000, -11.8000,  -54.2000, -956.8000, -12.7000,  255, 0, 0
L -209.3000, -924.8000, -10.9000,  -141.8000, -936.1000, -11.8000,  255, 0, 0
L -230.5000, -924.7000, -11.9000,  -209.3000, -924.8000, -10.9000,  255, 0, 0
L -300.5000, -927.3000, -12.7000,  -230.5000, -924.7000, -11.9000,  255, 0, 0
L -338.4000, -931.7000, -1.7000,  -300.5000, -927.3000, -12.7000,  255, 0, 0
L -409.3000, -946.9000, -0.8000,  -338.4000, -931.7000, -1.7000,  255, 0, 0
L -476.8000, -968.8000, -11.1000,  -409.3000, -946.9000, -0.8000,  255, 0, 0
L -506.7000, -971.7000, -9.8000,  -476.8000, -968.8000, -11.1000,  255, 0, 0
L -540.1000, -1001.2000, -11.6000,  -506.7000, -971.7000, -9.8000,  255, 0, 0
L -550.8000, -1039.8000, -10.4000,  -540.1000, -1001.2000, -11.6000,  255, 0, 0
L -560.9000, -1098.9000, -10.3000,  -550.8000, -1039.8000, -10.4000,  255, 0, 0
L -551.3000, -1139.5000, -10.4000,  -560.9000, -1098.9000, -10.3000,  255, 0, 0
L -510.0000, -1176.5000, -10.1000,  -551.3000, -1139.5000, -10.4000,  255, 0, 0
L -495.0000, -1185.5000, -11.2000,  -510.0000, -1176.5000, -10.1000,  255, 0, 0
L -478.1000, -1201.7000, -11.5000,  -495.0000, -1185.5000, -11.2000,  255, 0, 0
L -442.3000, -1231.3000, -10.2000,  -478.1000, -1201.7000, -11.5000,  255, 0, 0
L -410.7000, -1232.8000, -11.4000,  -442.3000, -1231.3000, -10.2000,  255, 0, 0
L -351.1000, -1241.0000, -11.9000,  -410.7000, -1232.8000, -11.4000,  255, 0, 0
L -317.0000, -1241.1000, -12.2000,  -351.1000, -1241.0000, -11.9000,  255, 0, 0
L -251.8000, -1242.8000, -10.6000,  -317.0000, -1241.1000, -12.2000,  255, 0, 0
L -212.2000, -1242.6000, -9.2000,  -251.8000, -1242.8000, -10.6000,  255, 0, 0
L -136.1000, -1226.5000, -9.5000,  -212.2000, -1242.6000, -9.2000,  255, 0, 0
L -110.8000, -1224.1000, -11.2000,  -136.1000, -1226.5000, -9.5000,  255, 0, 0
L -78.4000, -1204.0000, -10.7000,  -110.8000, -1224.1000, -11.2000,  255, 0, 0
L -13.0000, -1145.7000, -11.5000,  -78.4000, -1204.0000, -10.7000,  255, 0, 0
L 19.4000, -1103.1000, -11.3000,  -13.0000, -1145.7000, -11.5000,  255, 0, 0
L 19.7000, -1071.7000, -11.1000,  19.4000, -1103.1000, -11.3000,  255, 0, 0
L 4.5000, -989.9000, -8.8000,  19.7000, -1071.7000, -11.1000,  255, 0, 0
L -54.2000, -956.8000, -9.2000,  4.5000, -989.9000, -8.8000,  255, 0, 0
L -1011.0000, 1309.1000, -11.0000,  -945.0000, 1399.0000, -10.7000,  255, 0, 0
L -1026.5000, 1382.8000, -10.4000,  -1011.0000, 1309.1000, -11.0000,  255, 0, 0
L -1098.9000, 1398.3000, -11.3000,  -1026.5000, 1382.8000, -10.4000,  255, 0, 0
L -1011.8000, 1455.4000, -11.0000,  -1098.9000, 1398.3000, -11.3000,  255, 0, 0
L -964.7000, 1445.7000, -11.0000,  -1011.8000, 1455.4000, -11.0000,  255, 0, 0
L -945.0000, 1399.0000, -10.9000,  -964.7000, 1445.7000, -11.0000,  255, 0, 0
L -811.5000, 1249.0000, -11.1000,  -875.7000, 1232.9000, -11.1000,  255, 0, 0
L -765.5000, 1297.5000, -10.6000,  -811.5000, 1249.0000, -11.1000,  255, 0, 0
L -711.5000, 1348.2000, -10.8000,  -765.5000, 1297.5000, -10.6000,  255, 0, 0
L -663.1000, 1397.7000, -11.3000,  -711.5000, 1348.2000, -10.8000,  255, 0, 0
L -612.0000, 1497.4000, -10.7000,  -663.1000, 1397.7000, -11.3000,  255, 0, 0
L -683.9000, 1523.2000, -11.5000,  -612.0000, 1497.4000, -10.7000,  255, 0, 0
L -710.0000, 1525.2000, -10.8000,  -683.9000, 1523.2000, -11.5000,  255, 0, 0
L -806.8000, 1499.1000, -10.0000,  -710.0000, 1525.2000, -10.8000,  255, 0, 0
L -862.6000, 1436.0000, -10.3000,  -806.8000, 1499.1000, -10.0000,  255, 0, 0
L -888.1000, 1404.6000, -11.0000,  -862.6000, 1436.0000, -10.3000,  255, 0, 0
L -893.2000, 1397.9000, -11.4000,  -888.1000, 1404.6000, -11.0000,  255, 0, 0
L -911.2000, 1340.9000, -11.2000,  -893.2000, 1397.9000, -11.4000,  255, 0, 0
L -930.6000, 1330.4000, -11.1000,  -911.2000, 1340.9000, -11.2000,  255, 0, 0
L -949.5000, 1319.2000, -11.1000,  -930.6000, 1330.4000, -11.1000,  255, 0, 0
L -984.9000, 1297.8000, -11.3000,  -949.5000, 1319.2000, -11.1000,  255, 0, 0
L -920.1000, 1289.6000, -10.9000,  -984.9000, 1297.8000, -11.3000,  255, 0, 0
L -911.7000, 1269.6000, -10.8000,  -920.1000, 1289.6000, -10.9000,  255, 0, 0
L -875.7000, 1232.9000, -11.3000,  -911.7000, 1269.6000, -10.8000,  255, 0, 0
L -1072.8000, 705.1000, -11.1000,  -999.6000, 699.4000, -11.2000,  255, 0, 0
L -1097.8000, 706.3000, -11.5000,  -1072.8000, 705.1000, -11.1000,  255, 0, 0
L -1111.2000, 703.6000, -11.1000,  -1097.8000, 706.3000, -11.5000,  255, 0, 0
L -1170.7000, 737.6000, -11.1000,  -1111.2000, 703.6000, -11.1000,  255, 0, 0
L -1211.7000, 750.2000, -11.3000,  -1170.7000, 737.6000, -11.1000,  255, 0, 0
L -1292.3000, 707.3000, -10.8000,  -1211.7000, 750.2000, -11.3000,  255, 0, 0
L -1321.0000, 713.2000, -11.0000,  -1292.3000, 707.3000, -10.8000,  255, 0, 0
L -1338.1000, 770.6000, -11.3000,  -1321.0000, 713.2000, -11.0000,  255, 0, 0
L -1409.5000, 739.7000, -11.0000,  -1338.1000, 770.6000, -11.3000,  255, 0, 0
L -1418.6000, 700.9000, -11.8000,  -1409.5000, 739.7000, -11.0000,  255, 0, 0
L -1411.5000, 689.6000, -10.9000,  -1418.6000, 700.9000, -11.8000,  255, 0, 0
L -1320.4000, 696.6000, -9.5000,  -1411.5000, 689.6000, -10.9000,  255, 0, 0
L -1309.5000, 697.7000, -10.8000,  -1320.4000, 696.6000, -9.5000,  255, 0, 0
L -1242.5000, 667.1000, -10.3000,  -1309.5000, 697.7000, -10.8000,  255, 0, 0
L -1220.5000, 620.8000, -10.1000,  -1242.5000, 667.1000, -10.3000,  255, 0, 0
L -1191.4000, 617.9000, -10.1000,  -1220.5000, 620.8000, -10.1000,  255, 0, 0
L -1204.4000, 575.1000, -11.1000,  -1191.4000, 617.9000, -10.1000,  255, 0, 0
L -1200.7000, 507.3000, -11.0000,  -1204.4000, 575.1000, -11.1000,  255, 0, 0
L -1113.8000, 540.2000, -10.7000,  -1200.7000, 507.3000, -11.0000,  255, 0, 0
L -1028.1000, 598.8000, -11.6000,  -1113.8000, 540.2000, -10.7000,  255, 0, 0
L -1010.1000, 688.4000, -11.2000,  -1028.1000, 598.8000, -11.6000,  255, 0, 0
L -999.6000, 699.4000, -11.2000,  -1010.1000, 688.4000, -11.2000,  255, 0, 0
L -427.9000, 296.7000, -11.3000,  -451.1000, 257.8000, -11.3000,  255, 0, 0
L -402.3000, 306.2000, -11.2000,  -427.9000, 296.7000, -11.3000,  255, 0, 0
L -338.3000, 297.5000, -11.2000,  -402.3000, 306.2000, -11.2000,  255, 0, 0
L -411.5000, 287.9000, -11.2000,  -338.3000, 297.5000, -11.2000,  255, 0, 0
L -451.1000, 257.8000, -11.2000,  -411.5000, 287.9000, -11.2000,  255, 0, 0
L -461.1000, 848.6000, -11.3000,  -483.8000, 797.5000, -11.1000,  255, 0, 0
L -511.4000, 848.6000, -11.2000,  -461.1000, 848.6000, -11.3000,  255, 0, 0
L -545.9000, 797.8000, -11.1000,  -511.4000, 848.6000, -11.2000,  255, 0, 0
L -555.0000, 752.6000, -11.2000,  -545.9000, 797.8000, -11.1000,  255, 0, 0
L -511.1000, 759.8000, -11.2000,  -555.0000, 752.6000, -11.2000,  255, 0, 0
L -483.8000, 797.5000, -10.9000,  -511.1000, 759.8000, -11.2000,  255, 0, 0
L -55.2000, 1970.3000, -18.1000,  181.5000, 2084.5000, -19.0000,  0, 0, 0
L -205.3000, 1859.1000, -12.1000,  -55.2000, 1970.3000, -18.1000,  0, 0, 0
L -210.2000, 1654.7000, -14.4000,  -205.3000, 1859.1000, -12.1000,  0, 0, 0
L -303.2000, 1607.7000, 36.5000,  -210.2000, 1654.7000, -14.4000,  0, 0, 0
L -292.1000, 1565.2000, 11.3000,  -303.2000, 1607.7000, 36.5000,  0, 0, 0
L -396.5000, 1547.5000, 107.3000,  -292.1000, 1565.2000, 11.3000,  0, 0, 0
L -489.6000, 1547.5000, 125.1000,  -396.5000, 1547.5000, 107.3000,  0, 0, 0
L -1425.7000, 1547.0000, 87.4000,  -489.6000, 1547.5000, 125.1000,  0, 0, 0
L -1427.5000, 1092.1000, 106.7000,  -1425.7000, 1547.0000, 87.4000,  0, 0, 0
L -1428.2000, 889.1000, 20.0000,  -1427.5000, 1092.1000, 106.7000,  0, 0, 0
L -1431.7000, -8.0000, 86.8000,  -1428.2000, 889.1000, 20.0000,  0, 0, 0
L -1437.1000, -1402.3000, 197.2000,  -1431.7000, -8.0000, 86.8000,  0, 0, 0
L 904.7000, -1402.3000, 161.1000,  -1437.1000, -1402.3000, 197.2000,  0, 0, 0
L 912.8000, 719.0000, 140.8000,  904.7000, -1402.3000, 161.1000,  0, 0, 0
L 893.1000, 903.5000, 9.6000,  912.8000, 719.0000, 140.8000,  0, 0, 0
L 915.1000, 1098.8000, 84.3000,  911.9000, 1030.1000, 78.8000,  0, 0, 0
L 917.6000, 1302.9000, 165.9000,  915.1000, 1098.8000, 84.3000,  0, 0, 0
L 920.5000, 1547.0000, 96.3000,  917.6000, 1302.9000, 165.9000,  0, 0, 0
L 125.8000, 1546.4000, 96.7000,  920.5000, 1547.0000, 96.3000,  0, 0, 0
L 39.4000, 1442.8000, 27.2000,  125.8000, 1546.4000, 96.7000,  0, 0, 0
L -6.2000, 1593.3000, 118.0000,  39.4000, 1442.8000, 27.2000,  0, 0, 0
L -28.0000, 1671.7000, 86.9000,  -6.2000, 1593.3000, 118.0000,  0, 0, 0
L -89.2000, 1704.9000, 21.6000,  -28.0000, 1671.7000, 86.9000,  0, 0, 0
L -95.6000, 1712.8000, 11.5000,  -89.2000, 1704.9000, 21.6000,  0, 0, 0
L -108.0000, 1731.3000, -18.9000,  -95.6000, 1712.8000, 11.5000,  0, 0, 0
L -126.7000, 1748.9000, -18.9000,  -108.0000, 1731.3000, -18.9000,  0, 0, 0
L -114.4000, 1765.0000, -18.9000,  -126.7000, 1748.9000, -18.9000,  0, 0, 0
L -107.8000, 1769.1000, -18.7000,  -114.4000, 1765.0000, -18.9000,  0, 0, 0
L -106.8000, 1887.0000, -18.9000,  -108.2000, 1766.8000, -18.9000,  0, 0, 0
L 247.8000, 2068.7000, -18.9000,  -106.8000, 1887.0000, -18.2000,  0, 0, 0
L -479.8000, -910.0000, 52.3000,  -479.8000, -920.0000, 52.3000,  0, 0, 0
L -538.8000, -910.8000, 52.3000,  -539.3000, -930.6000, 52.3000,  0, 0, 0
L -489.7000, -910.0000, 52.3000,  -489.7000, -910.8000, 52.3000,  0, 0, 0
L -489.7000, -910.8000, 52.3000,  -538.8000, -910.8000, 52.3000,  0, 0, 0
L -489.7000, -910.0000, 52.3000,  -479.8000, -910.0000, 52.3000,  199, 21, 133
L -539.3000, -930.6000, 52.3000,  -542.2000, -935.9000, 52.6000,  0, 0, 0
L -542.2000, -935.9000, 52.6000,  -542.7000, -976.7000, 52.6000,  0, 0, 0
L -542.7000, -976.7000, 52.6000,  -573.1000, -1002.1000, 64.0000,  0, 0, 0
L -573.1000, -1002.1000, 64.0000,  -590.2000, -1046.4000, 78.6000,  0, 0, 0
L -590.2000, -1046.4000, 78.6000,  -611.2000, -1098.5000, 98.0000,  0, 0, 0
L -611.2000, -1098.5000, 98.0000,  -618.4000, -1106.3000, 101.9000,  0, 0, 0
L -618.4000, -1106.3000, 101.9000,  -617.3000, -1110.6000, 102.5000,  0, 0, 0
L -617.3000, -1110.6000, 102.5000,  -613.6000, -1120.8000, 107.1000,  0, 0, 0
L -613.6000, -1120.8000, 107.1000,  -604.4000, -1195.3000, 135.2000,  0, 0, 0
L -604.4000, -1195.3000, 135.2000,  -599.6000, -1201.8000, 138.4000,  0, 0, 0
L -599.6000, -1201.8000, 138.4000,  -594.1000, -1284.4000, 161.2000,  0, 0, 0
L -231.3000, -792.9000, 127.7000,  -222.0000, -793.4000, 127.7000,  199, 21, 133
L -222.0000, -793.4000, 127.7000,  -222.0000, -802.8000, 127.7000,  0, 0, 0
L -222.0000, -802.8000, 127.7000,  -261.4000, -803.5000, 127.7000,  0, 0, 0
L -261.4000, -803.5000, 127.7000,  -260.9000, -834.7000, 127.6000,  0, 0, 0
L -260.9000, -834.7000, 127.6000,  -257.4000, -850.9000, 125.9000,  0, 0, 0
L -257.4000, -850.9000, 125.9000,  -203.4000, -847.3000, 127.4000,  0, 0, 0
L -203.4000, -847.3000, 127.4000,  -142.1000, -848.1000, 133.0000,  0, 0, 0
L -142.1000, -848.1000, 133.0000,  -110.3000, -860.1000, 136.5000,  0, 0, 0
L -110.3000, -860.1000, 136.5000,  -66.4000, -856.0000, 140.1000,  0, 0, 0
L -66.4000, -856.0000, 140.1000,  -9.6000, -903.3000, 157.0000,  0, 0, 0
L -231.3000, -792.9000, 127.7000,  -231.6000, -793.7000, 127.7000,  0, 0, 0
L -231.6000, -793.7000, 127.7000,  -271.3000, -793.7000, 127.7000,  0, 0, 0
L -271.3000, -793.7000, 127.7000,  -271.6000, -834.1000, 127.7000,  0, 0, 0
L -271.6000, -834.1000, 127.7000,  -276.7000, -854.5000, 125.6000,  0, 0, 0
L -1357.1000, -936.3000, 119.1000,  -1355.9000, -927.7000, 118.0000,  0, 0, 0
L -1355.9000, -927.7000, 118.0000,  -1347.3000, -929.0000, 118.3000,  0, 0, 0
L -1347.3000, -929.0000, 118.5000,  -1348.6000, -937.6000, 119.4000,  0, 0, 0
L -1348.6000, -937.6000, 119.5000,  -1357.1000, -936.3000, 119.2000,  0, 0, 0
L -1340.1000, -930.0000, 118.7000,  -1331.5000, -931.3000, 118.2000,  0, 0, 0
L -1331.5000, -931.3000, 118.3000,  -1332.8000, -939.9000, 118.6000,  0, 0, 0
L -1332.8000, -939.9000, 118.8000,  -1341.4000, -938.6000, 119.2000,  0, 0, 0
L -1341.4000, -938.6000, 119.2000,  -1340.1000, -930.0000, 118.9000,  0, 0, 0
L -1338.9000, -962.3000, 120.3000,  -1356.9000, -960.0000, 121.4000,  0, 0, 0
L -1356.9000, -960.0000, 121.5000,  -1359.2000, -976.2000, 122.3000,  0, 0, 0
L -1359.2000, -976.2000, 122.4000,  -1342.0000, -979.1000, 121.3000,  0, 0, 0
L -1342.0000, -979.1000, 122.2000,  -1338.9000, -962.3000, 121.0000,  0, 0, 0
L -1373.6000, -954.0000, 121.5000,  -1374.9000, -962.4000, 122.5000,  0, 0, 0
L -1374.9000, -962.4000, 122.5000,  -1383.3000, -961.2000, 122.3000,  0, 0, 0
L -1383.3000, -961.2000, 122.1000,  -1382.1000, -952.8000, 121.1000,  0, 0, 0
L -1382.1000, -952.8000, 121.0000,  -1373.6000, -954.0000, 121.3000,  0, 0, 0
L -1375.5000, -967.4000, 123.3000,  -1383.8000, -966.3000, 122.9000,  0, 0, 0
L -1383.8000, -966.3000, 123.1000,  -1385.1000, -974.8000, 124.0000,  0, 0, 0
L -1385.1000, -974.8000, 124.6000,  -1376.8000, -976.3000, 124.2000,  0, 0, 0
L -1376.8000, -976.3000, 123.7000,  -1375.5000, -967.4000, 123.3000,  0, 0, 0
L -1364.7000, -992.2000, 123.5000,  -1356.3000, -993.5000, 123.1000,  0, 0, 0
L -1356.3000, -993.5000, 123.0000,  -1357.6000, -1001.8000, 123.4000,  0, 0, 0
L -1357.6000, -1001.8000, 123.5000,  -1365.9000, -1000.6000, 123.9000,  0, 0, 0
L -1365.9000, -1000.6000, 124.0000,  -1364.7000, -992.2000, 123.6000,  0, 0, 0
L -1348.7000, -1001.6000, 123.4000,  -1340.9000, -998.0000, 122.5000,  0, 0, 0
L -1340.9000, -998.0000, 122.0000,  -1337.8000, -1006.1000, 122.0000,  0, 0, 0
L -1337.8000, -1006.1000, 122.1000,  -1346.1000, -1007.9000, 122.6000,  0, 0, 0
L -1346.1000, -1007.9000, 122.6000,  -1348.7000, -1001.6000, 122.8000,  0, 0, 0
L -1323.6000, -986.2000, 120.1000,  -1322.3000, -977.7000, 119.8000,  0, 0, 0
L -1322.3000, -977.7000, 119.5000,  -1313.5000, -979.0000, 119.2000,  0, 0, 0
L -1313.5000, -979.0000, 119.1000,  -1315.1000, -987.5000, 119.5000,  0, 0, 0
L -1315.1000, -987.5000, 119.7000,  -1323.6000, -986.2000, 120.1000,  0, 0, 0
L -1321.3000, -970.5000, 119.2000,  -1320.1000, -961.9000, 118.8000,  0, 0, 0
L -1320.1000, -961.9000, 118.7000,  -1311.5000, -963.2000, 118.2000,  0, 0, 0
L -1311.5000, -963.2000, 118.2000,  -1312.8000, -971.7000, 118.6000,  0, 0, 0
L -1312.8000, -971.7000, 118.7000,  -1321.3000, -970.5000, 119.2000,  0, 0, 0
L -524.6000, -959.3000, 52.6000,  -512.3000, -954.3000, 52.0000,  0, 0, 0
L -512.3000, -954.3000, 52.0000,  -482.8000, -969.8000, 52.0000,  0, 0, 0
L -482.8000, -969.8000, 52.0000,  -542.9000, -1003.0000, 52.0000,  150, 150, 150
L -542.9000, -1003.0000, 52.0000,  -572.8000, -1032.5000, 70.9000,  150, 150, 150
L -572.8000, -1032.5000, 70.9000,  -591.3000, -1080.2000, 89.2000,  150, 150, 150
L -591.3000, -1080.2000, 89.2000,  -595.3000, -1139.9000, 113.5000,  150, 150, 150
L -595.3000, -1139.9000, 113.5000,  -567.6000, -1251.4000, 160.7000,  150, 150, 150
L -567.6000, -1251.4000, 160.7000,  -490.7000, -1284.1000, 163.5000,  150, 150, 150
L -490.7000, -1284.1000, 163.5000,  -258.8000, -1279.1000, 144.7000,  150, 150, 150
L -258.8000, -1279.1000, 144.7000,  -262.5000, -1293.3000, 145.3000,  0, 0, 0
L -262.5000, -1293.3000, 145.3000,  -276.9000, -1293.7000, 145.7000,  0, 0, 0
L -89.3000, -892.5000, 140.3000,  -222.6000, -871.1000, 125.8000,  150, 150, 150
L -222.6000, -871.1000, 125.8000,  -280.8000, -871.6000, 125.7000,  150, 150, 150
L -280.8000, -871.6000, 125.7000,  -276.7000, -854.5000, 125.6000,  150, 150, 150
L -288.3000, -1294.1000, 147.0000,  -407.3000, -1297.5000, 156.4000,  0, 0, 0
L -407.3000, -1297.5000, 156.4000,  -498.5000, -1296.4000, 163.4000,  0, 0, 0
L -498.5000, -1296.4000, 163.4000,  -507.6000, -1295.3000, 164.5000,  0, 0, 0
L -507.6000, -1295.3000, 164.5000,  -513.4000, -1290.4000, 164.1000,  0, 0, 0
L -513.4000, -1290.4000, 164.1000,  -594.1000, -1284.4000, 161.2000,  0, 0, 0
L -9.6000, -903.3000, 157.0000,  9.6000, -903.3000, 161.8000,  0, 0, 0
L 9.6000, -903.3000, 161.8000,  5.2000, -925.1000, 156.3000,  0, 0, 0
L -336.3000, -1346.2000, 146.3000,  -336.3000, -1333.7000, 146.3000,  0, 0, 0
L -336.3000, -1333.7000, 146.3000,  -288.6000, -1333.7000, 146.3000,  0, 0, 0
L -288.6000, -1333.7000, 146.3000,  -288.3000, -1294.1000, 146.4000,  0, 0, 0
L -276.9000, -1293.7000, 146.4000,  -277.1000, -1345.0000, 146.3000,  0, 0, 0
L -277.1000, -1345.0000, 146.3000,  -320.0000, -1345.0000, 146.3000,  0, 0, 0
L -320.0000, -1345.0000, 146.3000,  -324.9000, -1345.2000, 146.3000,  0, 0, 0
L -324.9000, -1345.2000, 146.3000,  -325.0000, -1346.7000, 146.3000,  0, 0, 0
L -325.0000, -1345.9000, 146.5000,  -336.3000, -1346.0000, 146.3000,  199, 21, 133
L 911.9000, 1030.1000, 78.8000,  989.8000, 1022.1000, 12.9000,  0, 0, 0
L 989.8000, 1022.1000, 12.9000,  1006.0000, 1011.0000, 13.3000,  0, 0, 0
L 1006.0000, 1011.0000, 13.3000,  1044.1000, 1011.6000, 13.3000,  0, 0, 0
L 1044.1000, 1011.6000, 13.3000,  1044.1000, 951.7000, 13.3000,  0, 0, 0
L 1048.5000, 922.3000, 13.3000,  1014.8000, 922.3000, 13.3000,  0, 0, 0
L 1014.8000, 922.3000, 13.3000,  1014.8000, 982.2000, 13.3000,  0, 0, 0
L 1014.8000, 982.2000, 13.3000,  1002.8000, 982.1000, 13.2000,  0, 0, 0
L 1002.8000, 982.1000, 13.2000,  989.1000, 973.4000, 12.6000,  0, 0, 0
L 989.1000, 973.4000, 12.6000,  900.8000, 973.6000, 12.6000,  0, 0, 0
L 900.8000, 973.6000, 12.6000,  893.1000, 903.5000, 9.6000,  0, 0, 0
L 1048.6000, 951.6000, 13.3000,  1048.5000, 922.3000, 13.3000,  199, 21, 133
L 1044.1000, 951.7000, 13.3000,  1048.6000, 951.6000, 13.3000,  0, 0, 0
L 898.3000, 1022.5000, 12.9000,  881.0000, 998.2000, 4.1000,  150, 150, 150
L 881.0000, 998.2000, 4.1000,  871.2000, 1002.5000, 4.5000,  150, 150, 150
L 871.2000, 1002.5000, 4.5000,  890.0000, 1026.5000, 6.4000,  150, 150, 150
L 890.0000, 1026.5000, 6.4000,  898.4000, 1022.6000, 12.9000,  150, 150, 150
L 886.6000, 994.1000, 3.5000,  830.8000, 950.0000, -0.9000,  150, 150, 150
L 830.8000, 950.0000, -0.9000,  870.3000, 946.5000, 1.0000,  150, 150, 150
L 870.3000, 946.5000, 1.0000,  893.4000, 964.2000, 16.8000,  150, 150, 150
L 893.4000, 964.2000, 16.8000,  886.6000, 994.1000, 3.3000,  150, 150, 150
L 92.2000, 436.2000, 106.9000,  95.0000, 436.8000, 106.7000,  0, 0, 0
L 95.0000, 436.8000, 106.7000,  104.7000, 448.2000, 106.1000,  0, 0, 0
L 104.7000, 448.2000, 106.1000,  103.6000, 463.8000, 105.9000,  0, 0, 0
L 103.6000, 463.8000, 105.9000,  91.8000, 473.5000, 106.3000,  0, 0, 0
L 91.8000, 473.5000, 106.3000,  75.9000, 472.3000, 106.6000,  0, 0, 0
L 75.9000, 472.3000, 106.6000,  66.9000, 460.9000, 106.9000,  0, 0, 0
L 66.9000, 460.9000, 106.9000,  67.9000, 445.6000, 107.2000,  0, 0, 0
L 67.9000, 445.6000, 107.2000,  79.0000, 435.9000, 107.2000,  0, 0, 0
L 79.0000, 435.9000, 107.2000,  82.6000, 435.8000, 107.1000,  0, 0, 0
L 71.3000, 415.0000, 107.6000,  70.0000, 417.0000, 107.6000,  0, 0, 0
L 70.0000, 417.0000, 107.6000,  55.1000, 420.8000, 107.7000,  0, 0, 0
L 55.1000, 420.8000, 107.7000,  42.1000, 413.0000, 108.0000,  0, 0, 0
L 42.1000, 413.0000, 108.0000,  38.3000, 397.8000, 108.3000,  0, 0, 0
L 38.3000, 397.8000, 108.3000,  46.4000, 384.6000, 108.3000,  0, 0, 0
L 46.4000, 384.6000, 108.3000,  61.5000, 381.2000, 108.2000,  0, 0, 0
L 61.5000, 381.2000, 108.2000,  74.6000, 389.7000, 107.9000,  0, 0, 0
L 74.6000, 389.7000, 107.9000,  77.9000, 404.0000, 107.7000,  0, 0, 0
L 77.9000, 404.0000, 107.7000,  76.2000, 406.9000, 107.7000,  0, 0, 0
L 53.1000, 340.1000, 109.4000,  43.9000, 351.9000, 108.8000,  0, 0, 0
L 43.9000, 351.9000, 108.8000,  32.4000, 341.0000, 109.0000,  0, 0, 0
L 32.4000, 341.0000, 109.0000,  41.4000, 329.8000, 109.7000,  0, 0, 0
L 41.4000, 329.8000, 109.6000,  53.1000, 340.1000, 109.4000,  0, 0, 0
L -512.5000, -783.3000, 186.1000,  -515.4000, -782.2000, 186.0000,  0, 0, 0
L -515.4000, -782.2000, 186.0000,  -522.2000, -769.6000, 185.3000,  0, 0, 0
L -522.2000, -769.6000, 185.3000,  -518.6000, -755.5000, 183.8000,  0, 0, 0
L -518.6000, -755.5000, 183.8000,  -505.0000, -747.8000, 183.1000,  0, 0, 0
L -505.0000, -747.8000, 183.1000,  -490.7000, -752.2000, 182.9000,  0, 0, 0
L -490.7000, -752.2000, 182.9000,  -483.6000, -766.0000, 183.7000,  0, 0, 0
L -483.6000, -766.0000, 183.7000,  -488.2000, -779.1000, 184.9000,  0, 0, 0
L -488.2000, -779.1000, 184.9000,  -501.5000, -786.3000, 186.3000,  0, 0, 0
L -501.5000, -786.3000, 186.3000,  -504.5000, -785.6000, 186.5000,  0, 0, 0
L -537.9000, -800.8000, 187.0000,  -535.3000, -799.1000, 186.9000,  0, 0, 0
L -535.3000, -799.1000, 186.9000,  -532.0000, -784.4000, 185.8000,  0, 0, 0
L -532.0000, -784.4000, 185.8000,  -539.8000, -772.0000, 184.7000,  0, 0, 0
L -539.8000, -772.0000, 184.7000,  -554.9000, -768.7000, 184.2000,  0, 0, 0
L -554.9000, -768.7000, 184.2000,  -567.2000, -777.0000, 184.6000,  0, 0, 0
L -567.2000, -777.0000, 184.6000,  -570.2000, -792.5000, 185.7000,  0, 0, 0
L -570.2000, -792.5000, 185.7000,  -561.4000, -804.5000, 186.8000,  0, 0, 0
L -561.4000, -804.5000, 186.8000,  -547.2000, -807.0000, 187.2000,  0, 0, 0
L -547.2000, -807.0000, 187.2000,  -544.9000, -805.3000, 187.1000,  0, 0, 0
L -937.2000, 410.7000, 1.3000,  -940.0000, 409.5000, 1.5000,  100, 50, 0
L -940.0000, 409.5000, 1.5000,  -953.7000, 414.8000, 3.4000,  100, 50, 0
L -953.7000, 414.8000, 3.4000,  -959.9000, 428.5000, 4.8000,  100, 50, 0
L -959.9000, 428.5000, 4.8000,  -955.4000, 441.5000, 5.0000,  100, 50, 0
L -955.4000, 441.5000, 5.0000,  -941.6000, 448.7000, 3.8000,  100, 50, 0
L -941.6000, 448.7000, 3.8000,  -928.2000, 444.3000, 2.0000,  100, 50, 0
L -928.2000, 444.3000, 2.0000,  -920.7000, 430.2000, 0.3000,  100, 50, 0
L -920.7000, 430.2000, 0.3000,  -926.0000, 415.6000, 0.2000,  100, 50, 0
L -926.0000, 415.6000, 0.2000,  -928.3000, 414.8000, 0.4000,  100, 50, 0
L -958.4000, 358.3000, 1.4000,  -959.5000, 356.5000, 1.4000,  100, 50, 0
L -959.5000, 356.5000, 1.4000,  -974.1000, 353.1000, 3.0000,  100, 50, 0
L -974.1000, 353.1000, 3.0000,  -986.1000, 360.8000, 4.8000,  100, 50, 0
L -986.1000, 360.8000, 4.8000,  -989.5000, 374.7000, 5.8000,  100, 50, 0
L -989.5000, 374.7000, 5.8000,  -982.3000, 386.8000, 5.5000,  100, 50, 0
L -982.3000, 386.8000, 5.5000,  -969.4000, 390.4000, 4.1000,  100, 50, 0
L -969.4000, 390.4000, 4.1000,  -956.0000, 383.6000, 2.2000,  100, 50, 0
L -956.0000, 383.6000, 2.2000,  -951.9000, 368.9000, 1.1000,  100, 50, 0
L -951.9000, 368.9000, 1.1000,  -953.2000, 366.8000, 1.1000,  100, 50, 0
L 91.3000, -85.2000, -10.9000,  50.2000, -37.8000, -11.3000,  255, 0, 0
L 50.2000, -37.8000, -11.3000,  23.4000, -2.4000, -11.3000,  255, 0, 0
L 23.4000, -2.4000, -11.3000,  90.1000, 17.7000, -11.2000,  255, 0, 0
L 90.1000, 17.7000, -11.2000,  107.3000, 15.6000, -11.1000,  255, 0, 0
L 107.3000, 15.6000, -11.1000,  137.1000, 4.9000, -11.0000,  255, 0, 0
L 137.1000, 4.9000, -11.0000,  160.5000, -2.3000, -11.2000,  255, 0, 0
L 160.5000, -2.3000, -11.2000,  91.3000, -85.2000, -10.9000,  255, 0, 0
L 305.3000, 713.9000, -11.3000,  340.3000, 797.4000, -10.8000,  255, 0, 0
L 340.3000, 797.4000, -10.8000,  389.5000, 808.5000, -10.9000,  255, 0, 0
L 389.5000, 808.5000, -10.9000,  413.8000, 818.6000, -11.1000,  255, 0, 0
L 413.8000, 818.6000, -11.1000,  438.9000, 797.5000, -11.2000,  255, 0, 0
L 438.9000, 797.5000, -11.2000,  428.7000, 782.7000, -10.9000,  255, 0, 0
L 428.7000, 782.7000, -10.9000,  404.7000, 751.9000, -11.1000,  255, 0, 0
L 404.7000, 751.9000, -11.1000,  387.0000, 730.9000, -11.2000,  255, 0, 0
L 387.0000, 730.9000, -11.2000,  305.3000, 713.9000, -11.2000,  255, 0, 0
L -65.9000, 998.3000, -11.2000,  -111.3000, 976.7000, -11.2000,  255, 0, 0
L -111.3000, 976.7000, -11.2000,  -116.9000, 991.4000, -11.3000,  255, 0, 0
L -116.9000, 991.4000, -11.3000,  -117.5000, 998.3000, -11.3000,  255, 0, 0
L -117.5000, 998.3000, -11.3000,  -111.0000, 1020.3000, -11.3000,  255, 0, 0
L -111.0000, 1020.3000, -11.3000,  -100.5000, 1009.6000, -11.3000,  255, 0, 0
L -100.5000, 1009.6000, -11.3000,  -65.9000, 998.3000, -11.2000,  255, 0, 0
L 78.9000, 1287.8000, -11.2000,  10.0000, 1197.7000, -11.3000,  255, 0, 0
L 10.0000, 1197.7000, -11.3000,  -11.2000, 1142.0000, -11.3000,  255, 0, 0
L -11.2000, 1142.0000, -11.3000,  -85.1000, 1123.3000, -11.0000,  255, 0, 0
L -85.1000, 1123.3000, -11.0000,  -36.5000, 1198.0000, -11.2000,  255, 0, 0
L -36.5000, 1198.0000, -11.2000,  -11.2000, 1272.0000, -11.2000,  255, 0, 0
L -11.2000, 1272.0000, -11.2000,  78.9000, 1287.8000, -11.3000,  255, 0, 0
L -1048.1000, 1097.8000, -11.0000,  -1110.7000, 1074.4000, -11.3000,  255, 0, 0
L -1110.7000, 1074.4000, -11.3000,  -1156.6000, 1053.6000, -11.2000,  255, 0, 0
L -1156.6000, 1053.6000, -11.2000,  -1210.1000, 1075.2000, -11.3000,  255, 0, 0
L -1210.1000, 1075.2000, -11.3000,  -1292.7000, 1016.2000, -11.2000,  255, 0, 0
L -1292.7000, 1016.2000, -11.2000,  -1236.7000, 1098.1000, -11.2000,  255, 0, 0
L -1236.7000, 1098.1000, -11.2000,  -1210.7000, 1180.8000, -10.7000,  255, 0, 0
L -1210.7000, 1180.8000, -10.7000,  -1207.6000, 1101.7000, -11.3000,  255, 0, 0
L -1207.6000, 1101.7000, -11.3000,  -1109.4000, 1107.7000, -10.7000,  255, 0, 0
L -1109.4000, 1107.7000, -10.7000,  -1099.1000, 1108.8000, -11.7000,  255, 0, 0
L -1099.1000, 1108.8000, -11.7000,  -1048.1000, 1097.8000, -11.3000,  255, 0, 0
L -687.2000, -279.9000, -10.7000,  -688.9000, -302.8000, -10.8000,  255, 0, 0
L -688.9000, -302.8000, -10.8000,  -712.4000, -322.9000, -11.4000,  255, 0, 0
L -712.4000, -322.9000, -11.4000,  -744.5000, -335.3000, -11.0000,  255, 0, 0
L -744.5000, -335.3000, -11.0000,  -726.6000, -300.8000, -10.9000,  255, 0, 0
L -726.6000, -300.8000, -10.9000,  -710.4000, -265.3000, -11.2000,  255, 0, 0
L -710.4000, -265.3000, -10.5000,  -687.2000, -279.9000, -11.2000,  255, 0, 0
L -754.9000, 944.3000, 126.8000,  -739.7000, 940.3000, 122.5000,  0, 0, 0
L -739.7000, 940.3000, 122.8000,  -743.5000, 925.2000, 122.4000,  0, 0, 0
L -743.5000, 925.2000, 123.2000,  -758.8000, 929.0000, 126.3000,  0, 0, 0
L -758.8000, 929.0000, 127.4000,  -754.9000, 944.3000, 127.9000,  0, 0, 0
